{
 "cells": [
  {
   "cell_type": "code",
   "execution_count": 1,
   "id": "da0c0545-4b37-49aa-9176-689917652caf",
   "metadata": {},
   "outputs": [],
   "source": "from itertools import combinations"
  },
  {
   "cell_type": "code",
   "execution_count": 2,
   "id": "f75c7fc2-8381-4326-a9e8-5d1a6d2b4eae",
   "metadata": {},
   "outputs": [
    {
     "data": {
      "text/plain": [
       "'\\nThis is the base Complete Graph\\n'"
      ]
     },
     "execution_count": 2,
     "metadata": {},
     "output_type": "execute_result"
    }
   ],
   "source": [
    "'''\n",
    "This is the base Complete Graph\n",
    "'''"
   ]
  },
  {
   "cell_type": "code",
   "execution_count": 3,
   "id": "093316a7-5cc0-41a6-91f5-7d27e8028b28",
   "metadata": {},
   "outputs": [
    {
     "ename": "NameError",
     "evalue": "name 'Graph' is not defined",
     "output_type": "error",
     "traceback": [
      "\u001B[0;31m---------------------------------------------------------------------------\u001B[0m",
      "\u001B[0;31mNameError\u001B[0m                                 Traceback (most recent call last)",
      "Cell \u001B[0;32mIn[3], line 2\u001B[0m\n\u001B[1;32m      1\u001B[0m sectors \u001B[38;5;241m=\u001B[39m [\u001B[38;5;124m\"\u001B[39m\u001B[38;5;124mProperty\u001B[39m\u001B[38;5;124m\"\u001B[39m, \u001B[38;5;124m\"\u001B[39m\u001B[38;5;124mMining & Oil\u001B[39m\u001B[38;5;124m\"\u001B[39m, \u001B[38;5;124m\"\u001B[39m\u001B[38;5;124mFinancials\u001B[39m\u001B[38;5;124m\"\u001B[39m, \u001B[38;5;124m\"\u001B[39m\u001B[38;5;124mHolding Firms\u001B[39m\u001B[38;5;124m\"\u001B[39m, \u001B[38;5;124m\"\u001B[39m\u001B[38;5;124mIndustrial\u001B[39m\u001B[38;5;124m\"\u001B[39m, \u001B[38;5;124m\"\u001B[39m\u001B[38;5;124mServices\u001B[39m\u001B[38;5;124m\"\u001B[39m]\n\u001B[0;32m----> 2\u001B[0m K6 \u001B[38;5;241m=\u001B[39m \u001B[43mGraph\u001B[49m()\n\u001B[1;32m      3\u001B[0m K6\u001B[38;5;241m.\u001B[39madd_vertices(sectors)\n\u001B[1;32m      4\u001B[0m K6\u001B[38;5;241m.\u001B[39madd_edges(combinations(sectors, \u001B[38;5;241m2\u001B[39m))\n",
      "\u001B[0;31mNameError\u001B[0m: name 'Graph' is not defined"
     ]
    }
   ],
   "source": [
    "sectors = [\"Property\", \"Mining & Oil\", \"Financials\", \"Holding Firms\", \"Industrial\", \"Services\"]\n",
    "K6 = Graph()\n",
    "K6.add_vertices(sectors)\n",
    "K6.add_edges(combinations(sectors, 2))\n",
    "\n",
    "for u, v, _ in K6.edges():\n",
    "    K6.set_edge_label(u,v, \"{:.2f}\".format(0.00))\n",
    "\n",
    "K6.show(figsize=8, edge_labels=True, layout='circular')\n",
    "K6.plot(figsize=8, edge_labels=True, layout='circular').save(\"CompleteGraph.png\")"
   ]
  },
  {
   "cell_type": "code",
   "execution_count": null,
   "id": "6060a5a3-6456-4476-a55f-708d0161c6cf",
   "metadata": {},
   "outputs": [],
   "source": [
    "'''\n",
    "This is the batch a Corrtelations Complete Graph\n",
    "'''"
   ]
  },
  {
   "cell_type": "code",
   "execution_count": null,
   "id": "9f5017d3-b97c-4ad0-8124-d947aacf034c",
   "metadata": {},
   "outputs": [],
   "source": [
    "corr_matrix_batch_a = matrix(RDF,6,6,[\n",
    "    1.0,0.289601069375887,0.40029070661885,0.427268116077047,0.447992040176785,0.206448774284328,\n",
    "    0.289601069375887,1.0,0.383701299301501,0.360936518803715,0.22685593861087,0.0610828771384814,\n",
    "    0.40029070661885,0.383701299301501,1.0,0.353455367041583,0.238850450180399,0.323369989142289,\n",
    "    0.427268116077047,0.360936518803715,0.353455367041583,1.0,0.700198246202028,0.492793861781693,\n",
    "    0.447992040176785,0.22685593861087,0.238850450180399,0.700198246202028,1.0,0.51545110582067,\n",
    "    0.206448774284328,0.0610828771384814,0.323369989142289,0.492793861781693,0.51545110582067,1.0\n",
    "])\n",
    "K6_batch_a_corr = Graph(corr_matrix_batch_a, format=\"adjacency_matrix\", vertex_labels=sectors)\n",
    "K6_batch_a_corr.remove_loops()\n",
    "mapping_a = {i: sectors[i] for i in range(6)}\n",
    "K6_batch_a_corr.relabel(mapping_a)\n",
    "K6_batch_a_corr.show(figsize=8, edge_labels=True, layout='circular')\n",
    "K6_batch_a_corr.plot(figsize=8, edge_labels=True, layout='circular').save(\"CompleteGraph_batch_a_corr.png\")"
   ]
  },
  {
   "cell_type": "code",
   "execution_count": null,
   "id": "e2e3feb3-d0c0-4cb5-a301-2437816ff9d9",
   "metadata": {},
   "outputs": [],
   "source": [
    "'''\n",
    "This is the batch b Corrtelations Complete Graph\n",
    "'''"
   ]
  },
  {
   "cell_type": "code",
   "execution_count": null,
   "id": "b972741d-a885-4701-bf0f-0e021c8845b4",
   "metadata": {},
   "outputs": [],
   "source": [
    "corr_matrix_batch_b = matrix(RDF,6,6,[\n",
    "    1.0,0.868429764365171,0.843601006009597,0.919989678576377,0.807056937683122,0.873163425660659,\n",
    "    0.868429764365171,1.0,0.792531453124565,0.834165037135453,0.812976253369536,0.876838376569595,\n",
    "    0.843601006009597,0.792531453124565,1.0,0.898150007826343,0.79194769817724,0.837812766160291,\n",
    "    0.919989678576377,0.834165037135453,0.898150007826343,1.0,0.829582443189127,0.893511582460855,\n",
    "    0.807056937683122,0.812976253369536,0.79194769817724,0.829582443189127,1.0,0.810939033774568,\n",
    "    0.873163425660659,0.876838376569595,0.837812766160291,0.893511582460855,0.810939033774568,1.0\n",
    "])\n",
    "K6_batch_b_corr = Graph(corr_matrix_batch_b, format=\"adjacency_matrix\", vertex_labels=sectors)\n",
    "K6_batch_b_corr.remove_loops()\n",
    "mapping_b = {i: sectors[i] for i in range(6)}\n",
    "K6_batch_b_corr.relabel(mapping_b)\n",
    "K6_batch_b_corr.show(figsize=8, edge_labels=True, layout='circular')\n",
    "K6_batch_b_corr.plot(figsize=8, edge_labels=True, layout='circular').save(\"CompleteGraph_batch_b_corr.png\")"
   ]
  },
  {
   "cell_type": "code",
   "execution_count": null,
   "id": "999b6e66-d9cb-403a-a100-e852ea80d8eb",
   "metadata": {},
   "outputs": [],
   "source": [
    "'''\n",
    "This is the batch a Distance Complete Graph\n",
    "'''"
   ]
  },
  {
   "cell_type": "code",
   "execution_count": null,
   "id": "afd7a22e-3b01-4292-be2c-03b9b6b4471d",
   "metadata": {},
   "outputs": [],
   "source": [
    "dist_matrix_batch_a = matrix(RDF,6,6,[\n",
    "    0.0,1.19197225691214,1.09517970523668,1.07026341049571,1.05072161853006,1.25980254462013,\n",
    "    1.19197225691214,0.0,1.11022403207506,1.13054277335825,1.2434983404807,1.37034092317315,\n",
    "    1.09517970523668,1.11022403207506,0.0,1.13714082941245,1.23381485630511,1.16329704792689,\n",
    "    1.07026341049571,1.13054277335825,1.13714082941245,0.0,0.774340692199464,1.00718035943748,\n",
    "    1.05072161853006,1.2434983404807,1.23381485630511,0.774340692199464,0.0,0.984427645060143,\n",
    "    1.25980254462013,1.37034092317315,1.16329704792689,1.00718035943748,0.984427645060143,0.0\n",
    "])\n",
    "K6_batch_a_dist = Graph(dist_matrix_batch_a, format=\"adjacency_matrix\", vertex_labels=sectors)\n",
    "K6_batch_a_dist.remove_loops()\n",
    "mapping_a_dist = {i: sectors[i] for i in range(6)}\n",
    "K6_batch_a_dist.relabel(mapping_a_dist)\n",
    "K6_batch_a_dist.show(figsize=8, edge_labels=True, layout='circular')\n",
    "K6_batch_a_dist.plot(figsize=8, edge_labels=True, layout='circular').save(\"CompleteGraph_batch_a_dist.png\")"
   ]
  },
  {
   "cell_type": "code",
   "execution_count": null,
   "id": "38ee4366-de84-4e96-850b-10ed40f99a7c",
   "metadata": {},
   "outputs": [],
   "source": [
    "'''\n",
    "This is the batch b Distance Complete Graph\n",
    "'''"
   ]
  },
  {
   "cell_type": "code",
   "execution_count": null,
   "id": "648e03fe-952d-49e4-8831-94299bee11f2",
   "metadata": {},
   "outputs": [],
   "source": [
    "dist_matrix_batch_b = matrix(RDF,6,6,[\n",
    "    0.0,0.51297219346633,0.559283459420003,0.400025802726831,0.621197331476687,0.503659754872952,\n",
    "    0.51297219346633,0.0,0.644156109767555,0.575907914278918,0.611594222717096,0.496309628015426,\n",
    "    0.559283459420003,0.644156109767555,0.0,0.4513313465153,0.645061705300756,0.569538820168931,\n",
    "    0.400025802726831,0.575907914278918,0.4513313465153,0.0,0.583810854319913,0.461494133308636,\n",
    "    0.621197331476687,0.611594222717096,0.645061705300756,0.583810854319913,0.0,0.614916199535242,\n",
    "    0.503659754872952,0.496309628015426,0.569538820168931,0.461494133308636,0.614916199535242,0.0\n",
    "])\n",
    "K6_batch_b_dist = Graph(dist_matrix_batch_b, format=\"adjacency_matrix\", vertex_labels=sectors)\n",
    "K6_batch_b_dist.remove_loops()\n",
    "mapping_b_dist = {i: sectors[i] for i in range(6)}\n",
    "K6_batch_b_dist.relabel(mapping_b_dist)\n",
    "K6_batch_b_dist.show(figsize=8, edge_labels=True, layout='circular')\n",
    "K6_batch_b_dist.plot(figsize=8, edge_labels=True, layout='circular').save(\"CompleteGraph_batch_b_dist.png\")"
   ]
  },
  {
   "cell_type": "code",
   "execution_count": null,
   "id": "6c1f804b-6c48-4709-8f28-23b2541c2173",
   "metadata": {},
   "outputs": [],
   "source": [
    "'''\n",
    "This is the batch a distance MST via Kruskal's Algortihm\n",
    "'''"
   ]
  },
  {
   "cell_type": "code",
   "execution_count": null,
   "id": "7d9601da-6461-40b1-a92d-52c2468ab5cc",
   "metadata": {},
   "outputs": [],
   "source": [
    "K6_batch_a_dist_copy = K6_batch_a_dist\n",
    "K6_batch_a_dist_copy_mst_edges = K6_batch_a_dist_copy.min_spanning_tree(algorithm=\"Kruskal\")\n",
    "K6_batch_a_dist_mst = Graph(K6_batch_a_dist_copy_mst_edges,weighted=True)\n",
    "K6_batch_a_dist_mst.show(figsize=8, edge_labels=True, layout='spring', edge_color='red')\n",
    "K6_batch_a_dist_mst.plot(figsize=8, edge_labels=True, layout='spring').save(\"CompleteGraph_batch_a_dist_mst.png\")"
   ]
  },
  {
   "cell_type": "code",
   "execution_count": null,
   "id": "04965ce3-1533-4fd9-87be-c895eb2fbce5",
   "metadata": {},
   "outputs": [],
   "source": [
    "'''\n",
    "This is the batch b distance MST via Kruskal's Algortihm\n",
    "'''"
   ]
  },
  {
   "cell_type": "code",
   "execution_count": null,
   "id": "ab0dce84-2d60-4a7e-94c8-c921c26fbf95",
   "metadata": {},
   "outputs": [],
   "source": [
    "K6_batch_b_dist_copy = K6_batch_b_dist\n",
    "K6_batch_b_dist_copy_mst_edges = K6_batch_b_dist_copy.min_spanning_tree(algorithm=\"Kruskal\")\n",
    "K6_batch_b_dist_mst = Graph(K6_batch_b_dist_copy_mst_edges,weighted=True)\n",
    "K6_batch_b_dist_mst.show(figsize=8, edge_labels=True, layout='spring', edge_color='red')\n",
    "K6_batch_b_dist_mst.plot(figsize=8, edge_labels=True, layout='spring').save(\"CompleteGraph_batch_b_dist_mst.png\")"
   ]
  },
  {
   "cell_type": "code",
   "execution_count": null,
   "id": "5b5ab6fb-bde5-4147-8010-caaea1f88795",
   "metadata": {},
   "outputs": [],
   "source": []
  }
 ],
 "metadata": {
  "kernelspec": {
   "display_name": "Python 3 (ipykernel)",
   "language": "python",
   "name": "python3"
  },
  "language_info": {
   "codemirror_mode": {
    "name": "ipython",
    "version": 3
   },
   "file_extension": ".py",
   "mimetype": "text/x-python",
   "name": "python",
   "nbconvert_exporter": "python",
   "pygments_lexer": "ipython3",
   "version": "3.10.12"
  }
 },
 "nbformat": 4,
 "nbformat_minor": 5
}
